53.878103,27.538793,60,2cd87be30eb24035af6094a582ffa20f.11
53.886698,27.538562,66,672aba08a6aa47f59a51e894f1fbd885.11
53.888256,27.539246,12,20967475feee41098e9df358e94f59c2.16
53.888243,27.540976,7,66e0c0e38a8746e58a314d157cb71963.16
53.888871,27.542923,10,fa9f0dbaee844f97a834a1d7afd020e3.16
53.890013,27.5471,21,0a6d77300f1941c5867dbb35151ab1ba.16
53.891023,27.55101,19,035764eeea64443585df81f74a0093c4.16
53.891687,27.551573,5,8fed7ad43a1748028a0e42c80cae3414.11
53.891665,27.552082,2,d71237e9dc1244c781cd1dd623b12558.11
53.891888,27.550861,5,d0e6150af5f84159b8eef22d9bc2a45e.11
53.892157,27.549327,7,9f4806a4c27b4481a521cd9456c10be9.16
53.892685,27.546767,12,41a124ab880740c89c144a0e5eaa300b.11
53.893004,27.546501,2,17a14c44ee8f4644a3f443b0b2acf132.16
53.893209,27.546578,1,77ef31e5d67846c9af5680febcc6c04a.11
53.893339,27.54741,3,c93189435b6a4c55b8dc790836617893.16
53.893652,27.548142,4,fb669e0a199a43e995d43abf5dd2ad31.11
53.894009,27.547917,2,d86369a0c4894c81905ac281a97713f8.12
53.894977,27.546557,9,2408ebf8cbc94f3791216210f5c68168.16
53.894793,27.545935,3,18c9556327844c80abf4f606f1af8f2a.16
53.895387,27.545763,4,eccac93048484486a2a216b2ee54acdb.12
53.895257,27.547133,6,909560a1eb724c1fa635cc0eee151415.16
53.895675,27.548001,5,54c82963179a45cf9b6e2cf7b1e392ba.12
53.896171,27.547529,4,19e93c3c23ea417599eef52c82a30e3b.11
53.896081,27.547138,1,36a3b68002d9470ab40065398986016b.11
53.89627,27.548079,4,ad9b4c73f7ce4237b6ea3ec708b958b5.12
53.89649,27.54819,1,d480c72c046f46d5937a2d65d8da503b.11
53.896589,27.549007,3,9cbd4026e8d144f68b1cb93f2a0a7522.16
53.896829,27.549036,1,ca47f8c4a5ac49b2aa27af048760aad3.16
53.896859,27.549382,1,3ae9fc86d9114d5780f0519742e961c3.16
53.89673,27.549602,1,438959d3db694fc5b90509d6f5e52d09.12
53.896609,27.5501,2,5d78635025304b68a6222ae6db8f4f96.16
53.896361,27.549612,2,9d24e6f819fd42da8ec6caec9c275f66.12
53.897026,27.548608,6,ba2d8465597d480ca004a23011133b02.11
53.897298,27.547955,3,8415b2b8b0fd4ac8a186fe79b552b20c.16
53.897473,27.549108,5,10b60d262a254b41b9ad07318db5abf3.16
53.896147,27.551854,16,783457753682440296160daf4b72bb14.16
53.896135,27.553542,7,a75ed57aaff04768bf066d2261db6f23.16
53.895662,27.553935,4,f9f22306da4042c5be6d1bb4b00db100.16
53.894771,27.55432,7,fa229b8e23984014a24bc5cf7d6a9a01.16
53.893939,27.552236,11,c39a8b3e147140a9ae5839c568a8df59.12
53.894375,27.551694,4,576f70d3897b44bba427825e3657765a.12
53.894726,27.551699,2,b04d038c861c4995a54bb9460c28776c.12
53.894908,27.551111,3,75c30418d49b47ce9edafb280bd78443.16
53.894643,27.550795,2,9707e3ee34224ed38e9a223efc6b32fa.11
53.892863,27.554916,23,bb9520575c5f4161ba38c3968d9d965c.16
53.892001,27.555394,7,8495b5cdfd7644b3bb1a2b88cfd9d6e7.16
53.891315,27.554727,6,b203554a2d014e7a88bdf953289e64d9.16
53.891319,27.556846,9,61bc05599086440695be65ef40937cfa.11
53.892181,27.557149,6,264983d0af3d40f4a3234549b8ed7efc.11
53.893168,27.559053,11,303d38f985df4fb98d1c7766705086ba.16
53.893247,27.559385,1,b335a7bf19fe4bd7a56b9dcbed3ae017.16
53.893381,27.558861,2,7207d4c9581e42afa27d88b24cc58cca.16
53.894318,27.558517,7,16c945ff36d94ff18b1c0fa96a84e865.12
53.893665,27.562503,18,ac17835ee0d045dbab217796c4173fd7.11
53.894477,27.563314,7,4556c9ee63164c768ad5c9d5f44a92a3.11
53.894645,27.563756,2,0845c2a83b1f498ab828de763f4eb188.11
53.894166,27.566388,12,e2c381711c0e4e06a07b6a58af3924d1.11
53.894191,27.567515,5,56ccab732b324ee98f686fb573c2908f.16
53.894,27.568019,2,c385156522974e35a52f9e9ea2dc235f.16
53.893017,27.564497,17,f704e35293d548f4abf3711edd0801a1.16
53.891177,27.559419,27,4b828d66b3f5407385990ffec21d8798.11
53.896778,27.555154,47,6f46752a83ec48aaabef2a66a9e5dd57.11
53.897435,27.5565,7,8d71887ce0684597a39f3e07464b8cd9.12
53.897907,27.557151,4,637ef18dbd554c1dbf04f8f6e982907f.16
53.898622,27.555937,7,f4640fbaafb94724a3c544f4173489fd.11
53.89875,27.554355,7,c08338c0590d4d258ee12e3332f2d86c.12
53.898286,27.552798,7,c527979841674400b5cd32e5eced8192.16
53.897626,27.55268,5,cbf649f06b8649669db1f380de3794fd.11
53.898759,27.551973,9,685ca5be390d4414aba53c64be930b1a.16
53.899132,27.552318,3,12c4d533dd234d4d845dc60eb2b6ef68.11
53.900634,27.549673,16,35ef9b1f7ec843cfab476501b9c2d190.11
53.900707,27.549652,0,2e5338d3537a446285628b29defe9a14.11
53.901453,27.54751,11,9a554b5e9a9248b39b6b42df317adab0.16
53.90271,27.548972,11,5b91409817844d22960c1a266f9064d4.16
53.903917,27.550803,12,6a5e754b4f1f42fea1cb6c11e010fdf8.11
53.905658,27.551571,14,5856a94ee77d493d9520b40c14a604b3.16
53.905533,27.553074,6,b5bf084f3e124989a43a1e3b775e2e36.12
53.906132,27.553405,4,4c590b91191144c7b9cec6213d6b0a51.11
53.907261,27.553294,8,ec732ba8111542dabf36d693a9094865.11
53.907565,27.556154,13,715d2b162d7943be90340e0aa57037e8.11
53.906,27.555712,12,65315c7d0b4f43c5a3b4a38ebe1253b3.16
53.905057,27.555944,7,b477309d3fcd48feaba6bb5fb6f282fd.16
53.904772,27.556198,2,9b060e713f054e6b859d59c71eb9737b.16
53.904037,27.556593,5,34aa0c72699e4acfaad763272d09fd5c.16
53.903674,27.556345,3,3f404e87422e47899620a304a96c9f52.12
53.903633,27.556667,1,7106d1bc25844dc28b9241cec062d86d.12
53.903705,27.555997,3,f43028016bc3480ab4a5560d9bcf71e4.16
53.903143,27.555316,5,e7e538f285de4f1ca54ba361f442781d.16
53.903303,27.554914,2,9f2b8e6c45554dd381dcd3928e13ad75.16
53.902345,27.555814,8,dc8ba397616246c38233857d80d9d96e.16
53.903022,27.557614,9,63928a073f324e2c95675c3e8e66d57d.16
53.901456,27.558101,12,f5842c77d0d74097bed432d4b2ef5ee7.11
53.901334,27.55776,1,b20083208b974fc2b3869599cdd2f45b.16
53.90032,27.559152,10,ebf95a12bf184836afbd1fcdb61fb78f.16
53.900116,27.559864,3,5b51e5ce9e3a4710ac85adc9539d4b7d.12
53.899682,27.560432,4,88fbc13ce627407980b5e5b584e3a68b.11
53.89942,27.560856,2,5f75c0a51f224b26aa5c20f2fd4186b6.12
53.899205,27.560878,1,9e390bd5e19246dc9e41771541f1371f.12
53.898888,27.560713,2,a2d94b9c231448f083ce65f79e10df49.11
53.898646,27.561129,2,35ff0d12f36a407d84ebcecc0ceb4b0e.12
53.89847,27.561249,1,c599ff7448b640379deeabbb806206f3.12
53.898596,27.559092,9,d037d5b5bbec4024a09fffe7f7ee1d79.16
53.899614,27.557489,10,6ead03a57cf642f5a048661920fbd9a2.16
53.899787,27.561779,19,1863cc9dab7f43c0b97cdf337b231b38.12
53.900103,27.562358,3,5eb5adc55eb24b0da0d4090df9ebb11c.12
53.900496,27.562605,3,99710c6936dc4037806198bfa45d0dc9.16
53.900857,27.56325,4,34553ebe865a427dbfce24ae0aed7579.16
53.901417,27.563034,4,4781eae052784bec98cb25105cf04abf.12
53.901228,27.56238,3,6d0bf24f61c342fc93b4211c8c7eec2d.12
53.90127,27.561756,2,8f83a10df64f408b897ab2ae49660b79.11
53.900944,27.561876,2,2f00343a6be849c984da9a829a5bb795.12
53.902231,27.561784,10,507ebf8acd56410daff0bbbb1b35ebe2.11
53.902063,27.560577,5,c97fc94fde0d4c7f82f5aed3b04ddf08.12
53.903107,27.562804,13,259bb94b652c462dbd84b576b69feb73.11
53.903613,27.562319,4,104853cf93e84cfa86947fdeb54a2139.16
53.902801,27.564037,10,eac8dc0be7074e3b986986e3bac97542.16
53.902325,27.564406,4,ebf321acbda0438db71926725e852410.11
53.901882,27.564524,3,557eb362360c40d59e66e33fd38ff16d.16
53.901976,27.565106,2,0abd40b650ef442ab405651967b4797d.11
53.901621,27.564972,2,f67d2bc81f404f87ace690ecb13ca3bf.11
53.901407,27.565321,2,39483bb6d93347b7bffb0a8d031aa6b6.16
53.901753,27.565829,3,24950d606e9b43aa9aa7b904863397de.16
53.900712,27.56598,8,be156ff453be444f992a49f7f05e0536.16
53.900138,27.567332,7,77b27dacb5914243a02422902a5a1540.11
53.899282,27.567072,6,afb58bb2c58942feb4e08c8722cb4468.16
53.899688,27.56588,6,828645fedcf742119b93cde16775d74f.16
53.900546,27.56419,10,6384b9b15b5a45c6896b8875ca8e17fe.16
53.903408,27.565237,22,b6b4e0abcb7a4315a5f1ff79e083039f.11
53.903699,27.565792,3,1b0469a217e54fc58775354a4302b99e.11
53.90416,27.566827,5,47c24588fc5648a4b0772f6a6ac9ac4c.12
53.904166,27.567269,1,3de91e343bed453eb94ff66fd538e472.11
53.903934,27.567472,2,0cc32dc8ecd944b4acff281d07f4907a.11
53.904445,27.567562,3,6d78aa344dea4bf0a932b9f91ba1efde.12
53.904968,27.56673,5,0c97b7144411451cbab2170087e49aa9.16
53.904827,27.566405,1,115988d94be947bca9dbad0c73ffce7f.16
53.905257,27.567249,5,1feab38b3bbd4e0183631fde885bd15b.16
53.905491,27.566638,3,942870e0e01e4a45b34062c4d27da730.11
53.905849,27.566025,3,4888d8871256448ea98497ccffee83e8.16
53.90586,27.565292,3,128e4e851d2549689a7525ec29e225e1.16
53.906095,27.565076,2,4524b25929a049e58e5b1dd03af8a70c.11
53.906428,27.565896,4,4425323d96ab45408bccdaa5757ede94.16
53.906698,27.566538,3,7af3ead4e86a4e7bb33417650484d421.12
53.906776,27.567317,3,1a80d3069dfb4c3a873f4c3fca5e5b26.16
53.906942,27.567501,1,18cf2719e7344bfa930a813e34704129.16
53.907089,27.567751,1,a0a474f5cf594f499ad04f910ebcd6d4.16
53.9073,27.568034,2,c3077195ba0c4f56844de5d6cefc191e.16
53.907478,27.568317,1,f15dbcb2fe3c4630bf75ca38d69cdffd.11
53.907277,27.566996,6,f3f8925b27724fd183c1248fa4ece885.16
53.90636,27.568393,9,87d70f3827914635b72583f16ea76712.16
53.906995,27.571316,14,e03b2f402c844d3c8343094e83eefbe9.16
53.907802,27.571658,6,19334de8368b4bde885e23937e1f29fd.11
53.908115,27.571891,2,733d6e05c2b1463ba150f677dd7fc7dc.16
53.909194,27.571009,9,185a04c4c843441f94d508b16c159b56.16
53.909715,27.573536,12,a313916ea17d4e48a3878321615316f2.16
53.910206,27.573216,4,8c0412981ff64cf8aafa29d6b1cf80c5.16
53.911013,27.571696,9,689cd2be43404b49b6ddcccf2f0c5c7c.16
53.910458,27.568313,16,d24fe9ffc3904d0db5c8226a5cbcf256.11
53.910642,27.567255,5,3d0fbc34f11b41cf9f7416d83f2e0e27.11
53.909757,27.568211,8,f18ac4304a954d1ba1fe3e086c591681.11
53.909343,27.568128,3,cbf6d84df5a547ebb1b836cfc64a9109.11
53.910452,27.564403,19,0781ec0dcf1b4948a6015d8fe9d767a4.16
53.91004,27.561859,12,e664c1c293164f9a8196728b63d91c09.16
53.910047,27.561394,2,b93b7a7591f747e991dca5af705ea2c0.16
53.909954,27.56099,1,a8d6b1c000944006889d4a5e80a94104.16
53.909979,27.560582,1,ae5bc9eaf39d48dbaa2874ff30215a54.16
53.910297,27.561198,3,a15560f1ac624583881a00da02cadfcd.11
53.910887,27.561227,4,6c6797af5e2e4d29bd2da4efa47a650f.11
53.911654,27.56048,6,a1e3224eae464e3f9e028084c1116651.16
53.911307,27.559271,6,ec180e27562d42baa8a877790be9b930.16
53.910387,27.559227,7,d7eb85a1570a489390e066f1f57ededa.11
53.909849,27.559547,4,5cf57f4305f344cb916c3ca8dee41f65.12
53.909492,27.560753,6,d7e19e7c9f144ad18ce3a57d3c32d673.16
53.908795,27.561243,5,86d5ba68eb434d788230fd8462ade180.11
53.908623,27.563458,10,a4db1f185d0b40be8f7b2d8ecf531494.12
53.907292,27.561453,13,d39dd2bb19ad45f48d1609d7ebd7b565.16
53.905204,27.561599,16,24137e97788b4c899224bf96fc04920f.11
53.905117,27.561184,1,f610c4a3eb384d13bf6bef3487b144df.12
53.904959,27.560226,4,accff59af4fb4a8082091b9f6e3afb36.11
53.904902,27.55992,1,0d26b651ff794440a52c764adf9e78de.11
53.905403,27.565514,25,98723a57c2974d3aa347c8dbdadc2c24.16
53.904262,27.571016,26,cd92258f9afb4a6caeeb5ae1870efe0f.11
53.904234,27.573561,11,1068e38978744eedbb8568acba9f38d4.11
53.904388,27.574292,3,7fea23d1235d4014a568b551ea114a38.11
53.903264,27.574498,8,bcb963aed9d24097805217d7a704588c.11
53.902938,27.57431,2,ff89306f188d42098c8189323eed3eab.11
53.900955,27.573455,15,014ce44b6bc847fab204b2e700ff1bd7.11
53.897491,27.578491,35,6022b30369764a6e8bf5af8b8aac3d48.11
53.893457,27.583354,38,fd7da23b079d4528b164c2173bc30596.16
53.894165,27.572143,51,0a445b6d7c4f4de48d8fe395f5c819d7.16
53.891435,27.570698,22,9a9099ab5e154232928f3d9ac4cfd4d7.16
53.890108,27.573533,16,6020d2b44a964e698ad3bc03c55426af.11
53.9041,27.580911,114,6ab46451524541c1b1e2753e32daebe1.16
53.904166,27.581944,4,e04b63ada3d749c88a902623be936263.11
53.904809,27.581087,6,e492e5cf52644eb9bc26681666c5ca7d.16
53.905403,27.580886,4,e65361a97d14414b911dca016caba6b9.16
53.905563,27.580799,1,2bc72d62850744d3bc00e4a66f98cf04.16
53.905727,27.5796,5,56cebc24f93c4218a52a4c4f02aec702.11
53.905498,27.579118,2,f2b13b9bbc7142388e52b607899bbc02.11
53.906181,27.579682,5,84d0a7d05d7d46d08fa8bebfc64a7ffd.16
53.906946,27.579167,6,15ba73cf962c41f4a76cda4321b75cf4.16
53.90714,27.579773,3,c9e23c01e50b439f894def94d351c8c4.16
53.906623,27.578423,7,e3fc48559ddf464b987000f20f1261b3.16
53.90794,27.575536,16,cacfd1d961ef4adf98982e938137b3a8.16
53.908615,27.575022,5,2551a2dea1464212884d587df1426eec.16
53.908709,27.576033,4,4c1ce071cf61488b955fd45ac2e260f8.16
53.909397,27.576716,6,c2e0517841764183bc47943ebbe8875f.16
53.910436,27.577163,8,0edd5ac646464a089df00a5e12a083e3.16
53.910629,27.577242,1,16a0f295531a4986bf635dcaec4087dd.16
53.910274,27.578062,4,049f65ffac6b461b860fcb864abed9b4.16
53.910452,27.578575,2,b8784d66d99f4b15aebe17aef5b7edf1.16
53.910635,27.578345,1,2efa61cdf4a9488d83eae0f764dde6b3.16
53.910835,27.578408,1,97540d7aeb464d2e87d3e23c7a355535.16
53.91068,27.579317,4,2122b70297f045aca88fd552f38463a7.16
53.910595,27.579889,2,b901890082c64ebd888ba8781e546440.12
53.910911,27.579975,2,8dd1d295e5d94747843c2486e77b39e2.12
53.911113,27.579929,1,104f31fb0c274ddeb6949fcd95ffd834.16
53.911804,27.581374,8,19ef1727d4fd4204a8bb6217cf756c31.16
53.912225,27.578948,11,1d0b057c69cb45e2962811c5244b2b7c.16
53.911603,27.576712,11,76c974455ba544cf801100be2f14ca7f.16
53.914068,27.580925,27,6f8fed1f080648748d5ab7c9854602c4.16
53.914344,27.582234,6,34bcf04e7ad54cf885e36ceb21f5c91d.16
53.914924,27.583984,9,b0de6f631fc84e639729647c9bdfa2f1.11
53.915887,27.583229,8,af865f667b8141bbaec0f394f0290f50.11
53.91584,27.58285,1,652c111eb8fd47d8a22edf488fa77b5b.12
53.915796,27.582452,1,e5380a5314e2427e80f5553e638fa7a9.12
53.915917,27.581863,2,4ac3c1f034774d84a23c55ead37f66d1.16
53.915382,27.581176,5,da69ca02e5a6460abc1c65d00d4df486.11
53.915554,27.585472,19,1235c097b6ee4ff69f3b88375e3af2a0.16
53.916479,27.585499,7,59754606536043cb89817f395cc98bf4.12
53.914786,27.586466,13,dbea3cb18e2b41df87a9125e9dc0eca7.11
53.914776,27.587611,5,f79d343edc3a45fc96b19465f7ddaecf.16
53.915206,27.588028,3,fed73be35c3744ce83085985ddd5e0b2.16
53.915369,27.588316,1,f65246fd5ec24716a1d17363a2dca6ea.16
53.909444,27.585277,48,72eaabd59e3d453984163dbf2fd32d54.11
53.909191,27.586079,4,2eeaa877aa8f46c79b7f378e30c0c4c5.11
53.908517,27.584719,8,596971899cb245f7aee44c19ebfbd0e1.16
53.907965,27.585539,5,b1422c536c174be6ba59b2da38791884.16
53.907782,27.586044,2,5c453d6a22f44adbb5f36a1d77cf44be.11
53.908155,27.586606,3,7ae7d4128bc34ba98b00938e3859d6ff.16
53.908153,27.586914,1,9d2dd52a0826483f94bb7b914961bcbe.16
53.907837,27.587085,2,219270bc746b4588bbc10f48a50ee868.16
53.907596,27.586841,2,0ee78a6a096d4db1a5ca639b881ceaeb.16
53.908494,27.587522,7,e387ded521984f3bb4f9cff99591072d.11
53.908767,27.582389,23,db71d16f442c410fa5c5ca10873f65cb.16
53.904509,27.586043,37,c4dcf65dc9da43d58cae0d7018d038cd.16
53.907426,27.574519,57,f87fbc8728014bfd87ef11f0864cdd6c.16
53.90707,27.573713,4,3d0fd4a8bc1c408a856195c190b9566d.16
53.906878,27.573405,2,f7aa75c60c2b4e408c273f35015caa3e.16
53.906761,27.572933,2,397a62fa26244c8d935280e63b335101.11
53.905934,27.572036,7,b353900d855841b4968be5b5714658fd.12
53.908073,27.574106,19,5d8f131989e94b18b48111a5cb25bc1e.12
53.914237,27.569257,52,d18dbd552d6c485ba1a65b29316def19.16
53.914623,27.565341,18,1d47c79f321e4c7a984fdd2439df91fe.11
53.916427,27.571432,31,c185fd6fabb2469fab15b2361d88ea03.16
53.915633,27.573445,11,f64998394cd647d88a17004b3b45e4d9.16
53.914932,27.558449,68,d9dfec36298d462f82dcb5668844ce96.11
53.916032,27.553999,22,e4ec098264bf49b9ace446ca00fa9c3b.16
53.915907,27.553449,2,b83ee45c3eac4687b07a9ff4229c27e7.16
53.916179,27.55344,2,5ad95346850c4b4d93a8dd33a5895c6d.16
53.915447,27.550692,13,64aaff2fad004458835d9a320f565adb.11
53.913449,27.550573,15,ba9be1f02e5c46879b37ebeaf3f2db29.12
53.913901,27.553206,12,c5c88c1dd03b40ae855e8a56bbd60411.16
53.913745,27.546909,28,ee185291bce943e187bf852ff4ee2430.11
53.912921,27.545417,9,1bdd9c3bcef845c0ad10ce840405b158.16
53.912058,27.541433,19,3d6ccd4821204fd1bad4ce5e5f4d2fec.16
53.910199,27.543202,16,f632e8dfe261400181813306c211b1bb.11
53.907778,27.542719,18,06e7acdb0c954f1dba89651e6e9745ed.11
53.908265,27.540275,11,09f37b7fc4aa445aab12ca01b9d163c0.16
53.906198,27.540336,16,19e4ddc6fada42ad8f2a08b2de4a63b6.16
53.905555,27.541368,6,a738f3a41574412da51fef3f9b17a5c4.11
53.90622,27.54225,6,d131bebf8dc04c8aae13eb405a1d00b3.11
53.90498,27.540062,13,c32b5563897945b49214cfb57829d1fa.11
53.904193,27.538909,8,81700c9b3a204e4399a76ff361478f88.16
53.902904,27.540171,11,318af8c71cd64d23b1805e1670e782f5.11
53.900756,27.540828,16,5ae6382acfcc43c797369e320148cf05.11
53.897942,27.544137,26,09d67275c9b249e8906488f855c7ffc3.16
53.896866,27.539699,21,70c3df382ad94da1946a34576c40b554.12
53.895862,27.540617,8,a01d5ec14fd84e68a16167a8e3d96b28.16
53.895599,27.540754,2,b8ee7bf1c1ca45e5938f13ab1274b961.16
53.895676,27.540052,3,c20113e9ad8a4c329c7254870086654e.11
53.894528,27.54208,12,64becc64f13f4a629c5d82baf5e0d5fd.16
53.894428,27.543209,5,86758b0b800645e19c370dda8cc26e82.16
53.893676,27.542114,7,3db6a745f54c4f5aa0f03cec33938c92.16
53.893682,27.54103,4,b873782ca9864e829109ce018ee8286d.16
53.893228,27.543694,12,56d2cce52f0d414fa2c2bd96805ecff1.16
53.889831,27.537233,39,31b023b513df4ff291cd056c0779a921.11
53.90414,27.544418,116,5fbce7eaccce42aa973edcc10d269a68.11
53.905885,27.54883,24,ccd9bb6cd692438ca95822d54073640b.16
53.908614,27.549757,21,56fd33d7d4724cbeaf44de0d84487d13.12
53.909148,27.549216,4,1fb55fec4f434aadbc080f66ef644d4f.12
53.909612,27.548678,4,d85e8d8229ab4ab09d25ae8c18c390b1.12
53.909855,27.548049,3,985068ade75b446990d10103223684f8.16
53.910173,27.548115,2,71da285f2bce4a76883e6609ef6b85af.12
53.909908,27.554519,29,1c3d0d000cc44866b905f45d346852e8.12
53.909554,27.554563,2,7e86296d621a41a7a96d13f4c0e2e86b.11
53.909724,27.558018,15,900cf7e081604e0abf7eb9c16fe76309.16
53.901298,27.553919,68,7159729d9031445c8b880296db1f869a.16
53.910171,27.537322,102,103fe04decb143bd905db3347001511e.16
53.915888,27.538123,44,afc441549bd248f189265affcade8862.16
53.878103,27.538793,294,2cd87be30eb24035af6094a582ffa20f.11
